   4099   0.935679  1.115859 0.089  17.75  20.03 18.134 16.989 16.777 16.703 16.685 16.846 1.100 0.018  0.279 0.007 
  13350   0.283437  1.178522 0.080  24.77  26.55 18.839 17.679 17.544 17.497 17.501 17.570 1.161 0.009  0.256 0.009 
  15927   3.254658 -0.584066 0.090  29.12  30.96 19.288 18.058 17.859 17.792 17.780 17.921 1.244 0.023  0.283 0.011 
  20406   3.244369  0.218891 0.088   9.13  12.76 16.715 15.543 15.336 15.286 15.276 15.403 1.179 0.007  0.270 0.004 
  21992   4.315354  1.054582 0.077   7.35  11.54 16.186 15.040 14.909 14.864 14.853 14.932 1.126 0.005  0.250 0.007 
  27887   3.173891 -0.460730 0.075  16.76  19.27 17.991 16.761 16.795 16.846 16.898 16.721 1.182 0.010  0.037 0.007 
  46988   2.426843 -0.562932 0.140   7.85  11.69 16.424 15.194 15.038 14.993 15.004 15.075 1.198 0.006  0.278 0.008 
  74260   2.150327  0.659596 0.100  52.84  54.18 20.452 19.314 19.204 19.184 19.157 19.215 1.071 0.035  0.242 0.008 
  75433   0.361418 -0.228980 0.093   6.34  10.50 15.915 14.708 14.605 14.592 14.604 14.612 1.180 0.007  0.244 0.007 
  75486   2.837662  0.170581 0.090  15.35  18.00 17.831 16.648 16.492 16.461 16.461 16.530 1.157 0.017  0.268 0.007 
  91658   0.846748 -0.994204 0.098  11.07  14.04 17.087 15.933 15.791 15.733 15.731 15.821 1.128 0.006  0.265 0.004 
  92912   4.503006  1.073571 0.081  84.53  85.95 21.419 20.334 20.223 20.206 20.196 20.235 1.009 0.083  0.246 0.022 
  93149   2.629534  1.025659 0.066  42.27  43.82 19.944 18.840 18.702 18.669 18.637 18.730 1.165 0.023  0.243 0.022 
  98874   2.575331  1.170507 0.067   8.60  12.34 16.540 15.416 15.201 15.111 15.096 15.272 1.107 0.008  0.265 0.003 
 114272   0.635704  0.568561 0.072  40.70  42.02 19.865 18.791 18.580 18.514 18.490 18.648 1.064 0.021  0.261 0.009 
 128795   2.015478 -1.099428 0.087  54.23  55.41 20.580 19.415 19.203 19.131 19.085 19.271 1.093 0.045  0.282 0.020 
 133858   0.630052 -0.604745 0.086  22.90  24.70 18.734 17.546 17.325 17.243 17.237 17.399 1.178 0.010  0.254 0.003 
 151276  10.551842 -0.714318 0.056  16.24  19.54 17.906 16.750 16.644 16.613 16.626 16.653 1.093 0.012  0.245 0.014 
 156391  10.990205  0.037956 0.046  11.11  15.05 17.063 15.902 15.852 15.839 15.845 15.828 1.153 0.006  0.188 0.003 
 172870  13.369331 -0.722569 0.099  22.55  25.74 18.632 17.459 17.364 17.334 17.317 17.366 1.156 0.016  0.241 0.013 
 174197  14.301154 -0.099361 0.069  29.55  32.62 19.140 18.032 17.967 17.977 17.995 17.953 1.063 0.015  0.158 0.007 
 181100  13.409231 -0.050735 0.068  14.38  18.16 17.622 16.473 16.400 16.402 16.399 16.389 1.117 0.010  0.232 0.007 
 183558  14.616653 -0.750630 0.099  21.78  25.13 18.607 17.359 17.319 17.333 17.355 17.290 1.201 0.009  0.113 0.005 
 188444  13.858884  0.888464 0.074  97.05  99.51 21.614 20.615 20.551 20.542 20.505 20.535 1.011 0.167  0.228 0.021 
 190889  12.348686 -0.299876 0.067  21.72  24.87 18.553 17.385 17.270 17.254 17.265 17.284 1.144 0.013  0.241 0.008 
 191474  11.102391 -0.462127 0.047  23.81  26.72 18.795 17.599 17.450 17.401 17.404 17.484 1.146 0.014  0.274 0.008 
 236818  10.356799  1.149803 0.057  21.84  24.86 18.508 17.364 17.328 17.340 17.366 17.296 1.109 0.030  0.130 0.005 
 244803  13.224644 -0.361604 0.090  45.98  48.61 20.134 19.036 18.869 18.846 18.828 18.913 1.079 0.000  0.285 0.001 
 260984  13.539868  0.483163 0.066  97.19  99.58 21.650 20.688 20.461 20.401 20.383 20.538 1.087 0.138  0.242 0.026 
 276162 350.117123  0.091944 0.132  20.03  20.85 18.420 17.260 17.029 16.951 16.936 17.108 1.151 0.008  0.269 0.003 
 288008 354.635540  0.856441 0.094  51.69  52.15 20.353 19.239 19.192 19.201 19.200 19.167 1.097 0.034  0.129 0.010 
 289242 351.563656  0.059537 0.101  16.40  17.71 17.898 16.720 16.738 16.800 16.841 16.674 1.130 0.009  0.037 0.008 
 293282 350.876011 -1.238721 0.120  13.03  14.63 17.480 16.271 16.166 16.137 16.145 16.174 1.162 0.013  0.259 0.012 
 315111 354.116700 -0.384237 0.111  80.72  80.81 21.330 20.239 20.116 20.099 20.061 20.135 0.942 0.060  0.224 0.019 
 318024 352.497646  0.687119 0.103  90.91  90.83 21.534 20.478 20.398 20.391 20.423 20.393 1.134 0.136  0.153 0.016 
 323707 352.217877  0.482723 0.097  30.46  31.03 19.241 18.116 18.013 17.970 17.994 18.019 1.073 0.016  0.236 0.006 
 324172 353.512620 -0.566404 0.112  31.64  32.25 19.444 18.244 18.033 17.963 17.955 18.101 1.176 0.019  0.282 0.011 
 329948 350.405956  0.879523 0.132  25.88  26.44 18.957 17.790 17.618 17.562 17.549 17.665 1.113 0.025  0.286 0.010 
 334937 353.657591  1.165927 0.103  63.24  63.49 20.853 19.735 19.552 19.499 19.461 19.605 0.998 0.066  0.273 0.008 
 337335 354.311431  0.165956 0.109  34.69  35.36 19.572 18.406 18.281 18.236 18.244 18.301 1.102 0.018  0.234 0.007 
 343892 352.469872 -1.171239 0.112  82.99  82.81 21.405 20.332 20.135 20.056 20.010 20.195 0.916 0.121  0.273 0.032 
 349151 354.878980 -0.157729 0.101  81.96  82.15 21.395 20.293 20.122 20.078 20.045 20.168 1.193 0.030  0.243 0.013 
 359035 354.955497 -0.276307 0.096  79.07  79.28 21.224 20.195 20.070 20.077 20.036 20.090 0.945 0.084  0.255 0.016 
 376465 352.163742  1.028544 0.083   8.96  11.67 16.598 15.458 15.352 15.326 15.340 15.362 1.119 0.005  0.171 0.002 
 377927 350.637200 -1.045226 0.129  82.99  82.60 21.351 20.292 20.186 20.183 20.159 20.195 1.018 0.066  0.219 0.025 
 389821 350.880539  1.135026 0.112  28.43  28.95 19.113 17.954 17.879 17.888 17.908 17.869 1.139 0.023  0.252 0.012 
 396003 353.236641  0.801766 0.110  94.23  94.24 21.602 20.598 20.422 20.360 20.301 20.471 1.186 0.121  0.241 0.028 
 398718 354.993931 -0.809423 0.097   5.35   9.49 15.566 14.336 14.230 14.192 14.225 14.240 1.223 0.012  0.231 0.024 
 402316 351.274257 -0.970458 0.108  70.93  70.68 21.002 19.956 19.838 19.799 19.780 19.854 1.155 0.156  0.222 0.014 
 403009 354.249260 -0.945128 0.102  55.69  55.94 20.630 19.463 19.273 19.221 19.226 19.329 1.127 0.026  0.269 0.009 
 404325 352.251397 -1.050735 0.113   9.69  12.11 16.818 15.649 15.493 15.435 15.426 15.531 1.160 0.011  0.255 0.005 
 406141 352.765823  1.060811 0.101  17.31  18.73 18.007 16.870 16.813 16.822 16.817 16.792 1.127 0.001  0.223 0.001 
 415496 353.394693 -0.365264 0.102  91.58  91.54 21.571 20.530 20.367 20.347 20.345 20.409 1.379 0.139  0.264 0.031 
 423548 348.520914 -0.309324 0.128  14.91  16.03 17.669 16.535 16.499 16.527 16.568 16.467 1.096 0.007  0.117 0.007 
 429508 346.615236 -0.244275 0.126  11.05  12.63 17.062 15.891 15.838 15.857 15.885 15.817 1.145 0.011  0.131 0.008 
 431701 347.855945 -0.761480 0.097  81.47  80.77 21.287 20.272 20.120 20.065 20.050 20.155 1.109 0.027  0.234 0.014 
 433099 347.834309 -0.065464 0.125  54.23  53.77 20.535 19.416 19.200 19.148 19.128 19.271 1.204 0.062  0.275 0.016 
 444248 347.290326  0.636510 0.109  17.00  17.80 17.961 16.822 16.784 16.791 16.793 16.752 1.154 0.019  0.215 0.009 
 452872 347.682843  1.040880 0.126  31.92  31.93 19.418 18.253 18.064 18.015 18.019 18.120 1.172 0.028  0.278 0.018 
 470994 347.096521  0.190685 0.128  52.34  51.83 20.366 19.263 19.224 19.237 19.238 19.194 1.013 0.076  0.114 0.037 
 479770 348.643208 -1.094652 0.119  23.92  24.24 18.747 17.574 17.513 17.514 17.544 17.494 1.147 0.028  0.213 0.012 
 490555 349.544998  0.856967 0.156  83.02  82.63 21.304 20.337 20.130 20.054 20.008 20.196 1.064 0.219  0.264 0.005 
 495429 348.553044  0.696839 0.123  12.13  13.75 17.281 16.156 15.956 15.891 15.887 16.019 1.127 0.013  0.257 0.007 
 495485 347.337026  1.099295 0.115   7.27  10.10 16.201 15.044 14.849 14.785 14.781 14.909 1.154 0.006  0.279 0.006 
 517394 348.462044  0.804753 0.124  33.45  33.49 19.506 18.344 18.181 18.127 18.114 18.222 1.100 0.026  0.260 0.008 
 519433 347.854201 -1.107973 0.100  14.33  15.41 17.632 16.462 16.395 16.414 16.440 16.381 1.151 0.006  0.234 0.007 
 539796 347.431261 -0.488630 0.099  25.87  25.98 18.901 17.725 17.705 17.730 17.763 17.664 1.138 0.024  0.128 0.006 
 543302 345.427628 -1.127798 0.147  15.34  16.00 17.858 16.665 16.468 16.400 16.395 16.529 1.197 0.013  0.289 0.005 
 557177 347.781240 -0.970211 0.100  70.27  69.61 21.058 19.957 19.791 19.754 19.744 19.834 1.135 0.045  0.265 0.024 
 562035 345.771386  0.580424 0.123  14.39  15.33 17.611 16.434 16.458 16.519 16.570 16.390 1.133 0.012  0.073 0.007 
 586767  17.114624  1.054950 0.071 115.66 118.45 21.899 21.004 20.916 20.911 20.832 20.916 1.097 0.054  0.112 0.045 
 596771  16.250979 -0.395126 0.104  59.13  61.95 20.710 19.596 19.397 19.355 19.344 19.459 1.038 0.028  0.243 0.030 
 611173  16.953572 -0.224656 0.084  21.74  25.35 18.527 17.382 17.277 17.269 17.271 17.286 1.147 0.002  0.250 0.012 
 627003  18.389190  1.044260 0.083   8.88  13.81 16.634 15.467 15.295 15.225 15.199 15.342 1.158 0.008  0.247 0.010 
 638540  18.694254  0.345822 0.084  10.21  14.93 16.880 15.716 15.671 15.695 15.736 15.645 1.132 0.006  0.129 0.005 
 685614  16.501355 -0.309445 0.103   4.98  10.61 15.309 14.215 14.031 13.975 14.008 14.084 1.104 0.009  0.232 0.020 
 686094  16.055364  0.453655 0.083 123.14 125.76 22.049 21.147 21.045 21.048 20.960 21.052 1.084 0.074  0.237 0.072 
 688001  16.498745 -0.378922 0.102  16.33  20.21 17.882 16.775 16.638 16.592 16.601 16.665 1.107 0.005  0.227 0.006 
 695960  15.621127 -0.059271 0.083  11.07  15.41 17.112 15.953 15.763 15.712 15.704 15.820 1.162 0.006  0.259 0.003 
 704542  16.390651 -0.395658 0.095  27.28  30.61 19.011 17.875 17.770 17.757 17.763 17.779 1.111 0.023  0.239 0.007 
 719834 340.750425 -1.232384 0.155  16.30  16.29 17.981 16.812 16.583 16.510 16.501 16.661 1.173 0.009  0.281 0.006 
 719918 344.484556  0.333060 0.133  83.71  82.67 21.360 20.342 20.164 20.117 20.019 20.214 1.095 0.092  0.226 0.026 
 724413 344.347492 -0.812689 0.160  15.30  15.86 17.872 16.662 16.459 16.371 16.377 16.523 1.216 0.011  0.260 0.008 
 728020 344.693528  0.077528 0.245  59.46  58.57 20.815 19.629 19.384 19.297 19.267 19.471 1.285 0.101  0.326 0.009 
 744810 340.050492 -0.253468 0.146  36.06  34.94 19.645 18.511 18.338 18.301 18.287 18.385 1.080 0.032  0.282 0.012 
 747380 344.538791  0.871252 0.159  10.59  12.12 16.959 15.769 15.795 15.854 15.899 15.725 1.156 0.007  0.038 0.007 
 765345 341.613722 -0.274047 0.217  21.37  21.06 18.500 17.293 17.316 17.387 17.436 17.249 1.182 0.009  0.020 0.008 
 778130 342.609363 -0.460051 0.248  53.58  52.46 20.513 19.305 19.289 19.323 19.351 19.245 1.107 0.060  0.118 0.015 
 785754 340.167847 -1.118881 0.156  68.64  67.06 20.911 19.913 19.732 19.664 19.624 19.783 1.021 0.062  0.282 0.014 
 795010 341.963866 -1.248495 0.251  18.31  18.22 18.152 16.982 16.947 16.954 16.988 16.913 1.159 0.012  0.214 0.009 
 824910 342.203721  1.111756 0.245   8.17  10.19 16.408 15.262 15.144 15.103 15.138 15.160 1.120 0.007  0.273 0.010 
 834454 340.019858  0.710020 0.198  17.64  17.53 18.100 16.950 16.796 16.753 16.753 16.833 1.137 0.007  0.268 0.009 
 834891 341.059364 -0.181589 0.176  24.75  24.17 18.859 17.682 17.536 17.508 17.502 17.568 1.156 0.007  0.268 0.016 
 837937 341.176768 -1.125511 0.147  76.17  74.66 21.151 20.106 20.003 19.970 19.978 20.009 1.020 0.051  0.248 0.020 
 842229 344.450636 -1.025211 0.164 105.73 104.51 21.909 20.873 20.643 20.572 20.360 20.721 1.009 0.199  0.398 0.035 
 844778 344.088036 -0.574090 0.198   6.13   9.10 15.801 14.583 14.606 14.649 14.709 14.538 1.151 0.006  0.069 0.009 
 848438 342.677955 -0.128857 0.249  14.25  14.81 17.596 16.450 16.386 16.407 16.423 16.369 1.129 0.013  0.231 0.006 
 850835 342.661282  1.122212 0.260  36.14  35.43 19.590 18.473 18.399 18.392 18.422 18.390 1.083 0.024  0.166 0.010 
 860305 344.425458  0.465273 0.136  64.30  63.37 20.836 19.722 19.656 19.659 19.639 19.641 1.054 0.076  0.198 0.017 
 866986 340.565050 -0.674101 0.166  16.17  16.20 17.906 16.742 16.634 16.600 16.596 16.644 1.139 0.018  0.248 0.016 
 871783 344.833290  0.136993 0.151  28.46  28.19 19.135 17.978 17.848 17.815 17.785 17.871 1.171 0.008  0.261 0.008 
 873466 342.014254 -0.031451 0.272  35.56  34.71 19.594 18.501 18.282 18.241 18.225 18.355 1.117 0.013  0.285 0.011 
 879471 340.949063  0.500297 0.200  34.98  34.05 19.518 18.401 18.331 18.329 18.339 18.319 1.148 0.089  0.245 0.025 
 887288  24.378476  0.044230 0.118  23.90  28.15 18.749 17.592 17.480 17.449 17.463 17.492 1.102 0.008  0.245 0.012 
 921268  20.907425 -0.894412 0.139   9.07  14.07 16.722 15.508 15.348 15.302 15.305 15.388 1.199 0.013  0.258 0.003 
 952930  20.889547  1.072427 0.080  22.44  26.48 18.619 17.465 17.329 17.291 17.276 17.355 1.129 0.016  0.263 0.006 
 959802  21.809918  0.734336 0.067  23.03  27.11 18.613 17.485 17.431 17.441 17.468 17.411 1.091 0.005  0.127 0.007 
 962043  20.527761 -1.173278 0.131  15.15  19.44 17.723 16.608 16.480 16.451 16.448 16.502 1.069 0.018  0.267 0.007 
 965946  24.289276  0.202359 0.100  25.32  29.52 18.913 17.758 17.549 17.478 17.476 17.617 1.173 0.024  0.248 0.006 
 974754  22.056546  1.232616 0.068  25.67  29.71 18.976 17.773 17.601 17.542 17.539 17.647 1.205 0.013  0.272 0.007 
 981664  23.470286 -0.750740 0.089  20.02  24.29 18.413 17.217 17.081 17.038 17.043 17.107 1.156 0.016  0.242 0.008 
 985847  20.219327 -1.069944 0.097  63.36  66.54 20.895 19.728 19.572 19.521 19.484 19.609 1.141 0.060  0.280 0.013 
1013184  23.201735  1.029917 0.077  19.75  24.11 18.358 17.204 17.031 16.977 16.959 17.078 1.111 0.012  0.262 0.012 
1019544 336.309583 -0.104992 0.193  11.07  11.54 17.084 15.944 15.774 15.728 15.725 15.820 1.132 0.014  0.280 0.003 
1027882 338.511070 -0.290381 0.149  20.18  19.59 18.327 17.188 17.170 17.194 17.208 17.125 1.133 0.016  0.187 0.003 
1052471 336.568034 -0.227934 0.245   4.24   7.85 15.020 13.809 13.764 13.850 13.853 13.736 1.147 0.010  0.249 0.010 
1056152 335.322377  1.088117 0.156  24.68  23.51 18.824 17.666 17.542 17.508 17.500 17.562 1.124 0.024  0.240 0.018 
1060996 335.415068  0.833301 0.171  12.06  12.26 17.303 16.110 15.990 15.969 15.970 16.007 1.164 0.010  0.270 0.008 
1061631 336.075197  0.783298 0.188  18.70  18.02 18.217 17.087 16.908 16.861 16.862 16.959 1.145 0.020  0.265 0.008 
1078860 335.559570  1.016658 0.173  21.01  20.09 18.474 17.300 17.213 17.191 17.196 17.212 1.157 0.029  0.193 0.007 
1087206 339.826961 -0.747417 0.137  73.05  71.42 21.136 20.021 19.902 19.884 19.911 19.918 1.174 0.146  0.249 0.031 
1091627 337.739192 -0.056362 0.193  14.06  14.09 17.553 16.396 16.389 16.446 16.486 16.340 1.115 0.007  0.087 0.003 
1092650 339.142293 -0.613651 0.137  12.62  13.03 17.421 16.209 16.090 16.063 16.074 16.106 1.191 0.006  0.254 0.006 
1094455 339.440135 -0.425545 0.146  80.95  79.25 21.302 20.233 20.140 20.130 20.090 20.141 1.042 0.125  0.218 0.016 
1096833 339.853458 -0.074177 0.153  19.26  18.92 18.269 17.121 17.013 16.999 17.003 17.023 1.121 0.013  0.251 0.004 
1102005 336.363409 -0.301528 0.233  21.82  20.84 18.520 17.371 17.310 17.325 17.352 17.294 1.102 0.011  0.140 0.006 
1104006 337.072433 -0.988497 0.172   4.85   8.02 15.352 14.160 13.971 13.925 13.935 14.027 1.180 0.014  0.248 0.009 
1116811 337.771841  0.093924 0.196  17.84  17.40 18.135 17.003 16.785 16.713 16.706 16.857 1.121 0.011  0.277 0.007 
1117692 338.893195 -1.240602 0.152  23.55  22.70 18.701 17.547 17.468 17.446 17.453 17.460 1.101 0.023  0.251 0.010 
1123380 335.563595  1.013776 0.173  22.45  21.43 18.687 17.497 17.290 17.228 17.208 17.356 1.193 0.008  0.278 0.005 
1132009 338.838858 -0.797818 0.137  34.87  33.59 19.674 18.444 18.257 18.189 18.204 18.312 1.219 0.016  0.290 0.005 
1135062 335.260715  0.442586 0.181   5.37   8.13 15.469 14.298 14.313 14.346 14.387 14.250 1.105 0.000  0.066 0.000 
1141088 339.363619  0.219927 0.169  15.32  15.38 17.818 16.668 16.460 16.390 16.370 16.527 1.137 0.015  0.297 0.003 
1141712 336.229952  0.044911 0.210  19.33  18.56 18.250 17.122 17.029 17.023 17.029 17.031 1.099 0.017  0.167 0.009 
1151398 336.295060 -0.922732 0.212  75.02  72.95 21.176 20.088 19.948 19.905 19.885 19.976 1.253 0.133  0.305 0.019 
1157760 338.142398  0.601587 0.224  17.63  17.29 18.205 16.979 16.757 16.685 16.663 16.831 1.195 0.013  0.327 0.005 
1164401 337.539840  0.703683 0.182  87.14  85.27 21.409 20.396 20.296 20.312 20.308 20.301 0.924 0.068  0.256 0.024 
1190623 336.894054 -0.632484 0.197  21.04  20.16 18.527 17.285 17.244 17.259 17.293 17.215 1.236 0.016  0.117 0.009 
1191610 337.179683 -0.854196 0.171   6.76   8.82 16.041 14.824 14.775 14.787 14.808 14.750 1.154 0.007  0.204 0.005 
1200092 338.351560  0.558148 0.227  24.15  23.33 18.739 17.602 17.520 17.518 17.537 17.515 1.094 0.012  0.245 0.004 
1203504 338.548423 -1.023037 0.172  19.89  19.27 18.370 17.171 17.113 17.117 17.145 17.093 1.146 0.014  0.226 0.008 
1217801  25.920219  0.507809 0.111  18.37  23.01 18.138 16.989 16.950 16.972 17.007 16.920 1.114 0.018  0.116 0.009 
1223933  28.105067 -0.286840 0.094  10.56  15.90 16.976 15.854 15.660 15.597 15.597 15.719 1.103 0.006  0.251 0.005 
1230610  28.263204 -0.640703 0.091  24.11  28.66 18.814 17.616 17.491 17.457 17.465 17.511 1.139 0.010  0.235 0.008 
1231908  29.479420  0.383557 0.074 142.96 146.97 22.512 21.555 21.268 21.226 21.027 21.376 1.052 0.715  0.349 0.018 
1260383  28.727900  0.037265 0.095  22.22  26.91 18.586 17.446 17.305 17.258 17.272 17.334 1.111 0.017  0.242 0.013 
1265892  27.868755  1.249189 0.065  21.16  25.89 18.485 17.309 17.245 17.245 17.244 17.228 1.153 0.005  0.239 0.011 
1286634  27.339723 -0.222394 0.088  19.37  24.05 18.287 17.160 16.991 16.954 16.935 17.036 1.121 0.011  0.255 0.010 
1296407  29.557319  1.028742 0.074  27.31  31.98 19.051 17.902 17.741 17.691 17.679 17.782 1.131 0.020  0.264 0.005 
1301781  27.599522  0.177006 0.097  27.94  32.37 19.095 17.949 17.795 17.747 17.748 17.831 1.140 0.020  0.255 0.010 
1308429  28.709058  0.250204 0.099   7.59  13.36 16.254 15.102 14.984 14.967 14.977 15.000 1.141 0.008  0.233 0.006 
1320077  28.380397 -0.571799 0.093  24.72  29.26 18.894 17.694 17.515 17.465 17.468 17.565 1.210 0.010  0.254 0.005 
1335377  27.711857 -0.132180 0.097  29.79  34.17 19.213 18.066 17.961 17.952 17.975 17.970 1.156 0.018  0.212 0.009 
1342595  29.908223  1.222851 0.072  18.35  23.36 18.165 16.957 16.994 17.053 17.088 16.918 1.157 0.014  0.037 0.006 
1343911  27.374020  0.155047 0.103  19.87  24.54 18.388 17.230 17.027 16.959 16.958 17.091 1.156 0.004  0.239 0.003 
1358209  29.349625  0.532080 0.073  28.05  32.66 19.098 17.942 17.824 17.800 17.802 17.840 1.137 0.012  0.248 0.006 
1359573  25.467890 -0.890940 0.074   8.50  13.89 16.511 15.282 15.331 15.396 15.458 15.247 1.191 0.006  0.010 0.004 
1374620 330.892498 -0.526770 0.167  29.99  27.94 19.260 18.112 17.936 17.898 17.904 17.985 1.119 0.022  0.256 0.009 
1375324 331.070252  0.964972 0.134  15.01  14.19 17.713 16.555 16.509 16.531 16.552 16.482 1.130 0.019  0.239 0.013 
1386131 332.969295  0.632962 0.145  17.43  16.50 18.016 16.892 16.815 16.808 16.808 16.807 1.122 0.013  0.219 0.012 
1399304 332.018975 -1.055108 0.246  29.39  27.45 19.214 18.080 17.877 17.804 17.783 17.941 1.150 0.035  0.273 0.012 
1404827 333.833104 -0.616778 0.260  59.79  57.55 20.653 19.583 19.470 19.431 19.457 19.483 1.122 0.121  0.244 0.014 
1411677 331.993287 -0.322720 0.228   9.76  10.12 16.767 15.636 15.550 15.543 15.566 15.548 1.097 0.003  0.197 0.005 
1414940 331.471818  0.466853 0.181  13.05  12.57 17.435 16.288 16.153 16.121 16.133 16.178 1.132 0.010  0.247 0.004 
1415276 332.805549 -0.387475 0.250  20.42  19.11 18.351 17.259 17.125 17.111 17.119 17.150 1.078 0.019  0.234 0.007 
1420164 334.470835 -0.093119 0.237   5.25   8.00 15.441 14.320 14.165 14.129 14.129 14.202 1.128 0.008  0.279 0.004 
1421011 333.958902 -0.639205 0.269  33.71  31.90 19.587 18.384 18.167 18.104 18.091 18.239 1.182 0.027  0.312 0.005 
1438472 331.530091 -0.771121 0.318   4.05   7.49 14.964 13.777 13.573 13.539 13.559 13.637 1.181 0.009  0.276 0.007 
1452363 331.636987  0.860596 0.139   5.10   7.79 15.327 14.215 14.153 14.160 14.156 14.137 1.067 0.006  0.171 0.011 
1463748 331.123992 -0.696883 0.226  14.18  13.38 17.687 16.469 16.333 16.287 16.315 16.359 1.196 0.009  0.259 0.005 
1464306 332.041612  0.409862 0.165  52.92  50.61 20.413 19.338 19.179 19.105 19.095 19.218 1.138 0.056  0.244 0.013 
1469157 331.547430  0.078136 0.226  45.92  43.62 20.124 18.994 18.921 18.917 18.942 18.910 1.084 0.057  0.216 0.009 
1477740 330.485936  1.198736 0.141  28.65  26.73 19.110 17.929 17.956 18.016 18.073 17.886 1.169 0.008  0.017 0.005 
1478867 333.320244 -0.537646 0.254  17.24  16.29 18.011 16.841 16.829 16.862 16.905 16.783 1.135 0.010  0.096 0.004 
1482164 332.994211  0.192206 0.167  13.85  13.39 17.488 16.383 16.328 16.332 16.346 16.308 1.044 0.011  0.144 0.010 
1486075 330.937890 -0.537899 0.173  38.05  35.78 19.715 18.613 18.472 18.428 18.433 18.502 1.136 0.015  0.218 0.014 
1493454 334.787131 -0.892892 0.237  52.34  50.27 20.467 19.307 19.164 19.118 19.114 19.194 1.192 0.061  0.293 0.013 
1494655 331.581352 -0.651777 0.311  33.37  31.28 19.451 18.289 18.245 18.262 18.299 18.217 1.127 0.035  0.227 0.013 
1496687 332.483181 -0.647297 0.245  13.15  12.69 17.502 16.254 16.237 16.278 16.325 16.194 1.213 0.010  0.114 0.003 
1500601 332.093308  1.083568 0.130  26.49  24.83 18.959 17.801 17.723 17.726 17.744 17.715 1.111 0.028  0.236 0.005 
1503067 332.650292  1.148744 0.132  52.31  50.14 20.445 19.316 19.148 19.108 19.096 19.193 1.148 0.039  0.262 0.010 
1516296 333.098429  0.082518 0.170  11.59  11.58 17.154 16.003 15.928 15.924 15.949 15.920 1.134 0.005  0.135 0.010 
1521737 330.137797  1.124292 0.163   4.10   7.48 14.938 13.772 13.638 13.634 13.725 13.663 1.162 0.011  0.227 0.006 
1529930 334.777435 -0.055777 0.243  36.34  34.60 19.685 18.524 18.360 18.329 18.308 18.402 1.095 0.050  0.286 0.014 
1532452 333.031180 -1.135623 0.257  17.08  16.07 18.031 16.882 16.724 16.685 16.703 16.763 1.129 0.010  0.268 0.003 
1561045 330.601257  0.445698 0.156   9.16   9.63 16.652 15.477 15.446 15.437 15.459 15.410 1.122 0.007  0.215 0.014 
1563844 334.482964 -1.118598 0.234  17.47  16.59 18.109 16.941 16.760 16.710 16.710 16.812 1.123 0.028  0.303 0.005 
1565124 333.005531 -0.057291 0.165  26.64  25.01 18.965 17.824 17.722 17.722 17.735 17.728 1.110 0.015  0.249 0.010 
1568441 330.848205  0.829586 0.149   5.67   7.91 15.651 14.481 14.338 14.348 14.338 14.368 1.156 0.011  0.213 0.003 
1594723  32.802189  0.153347 0.082  21.31  26.38 18.520 17.350 17.220 17.184 17.180 17.243 1.134 0.025  0.249 0.015 
1604251  31.129087  0.334822 0.070  28.09  32.84 19.057 17.951 17.819 17.816 17.805 17.843 1.103 0.015  0.230 0.010 
1604541  33.838799 -0.865597 0.097  25.18  30.15 18.889 17.737 17.550 17.486 17.469 17.605 1.165 0.011  0.263 0.003 
1628736  31.687512  1.141448 0.073  29.50  34.31 19.289 18.084 17.889 17.818 17.806 17.949 1.188 0.014  0.263 0.011 
1634879  32.104692 -0.579007 0.086  31.59  36.30 19.383 18.176 18.119 18.106 18.137 18.098 1.166 0.011  0.230 0.007 
1635700  33.552610  0.660465 0.088  12.87  18.43 17.356 16.242 16.141 16.107 16.105 16.148 1.083 0.010  0.191 0.007 
1640797  30.691522 -0.000466 0.064  20.11  25.04 18.383 17.224 17.095 17.074 17.067 17.117 1.135 0.011  0.258 0.007 
1646523  30.131140  0.994329 0.073  20.66  25.58 18.433 17.311 17.118 17.048 17.034 17.176 1.108 0.019  0.260 0.008 
1651620  31.451846  0.028997 0.073  29.99  34.71 19.228 18.071 17.993 17.978 17.988 17.985 1.162 0.025  0.226 0.009 
1652999  30.529045 -0.592838 0.077 101.06 105.18 21.819 20.754 20.571 20.529 20.415 20.623 1.143 0.114  0.270 0.024 
1660792  30.913186  0.958260 0.063  22.05  26.98 18.577 17.426 17.291 17.263 17.257 17.317 1.127 0.010  0.270 0.003 
1661779  32.419304 -0.036812 0.073  18.26  23.40 18.132 17.020 16.878 16.828 16.817 16.907 1.092 0.008  0.243 0.003 
1671222  34.868894 -0.832531 0.100  25.52  30.57 18.975 17.752 17.597 17.563 17.565 17.634 1.162 0.016  0.231 0.014 
1689801  31.675822  0.988749 0.070  28.56  33.38 19.164 18.000 17.838 17.787 17.775 17.879 1.189 0.006  0.251 0.009 
1709732  32.431168 -1.144871 0.095  24.60  29.46 18.846 17.706 17.476 17.401 17.404 17.555 1.144 0.017  0.274 0.008 
1728462  34.781465 -0.059166 0.100  28.85  33.87 19.099 17.947 17.968 18.034 18.070 17.901 1.097 0.019  0.087 0.005 
1729301  32.717291  0.631938 0.080  16.35  21.64 17.914 16.750 16.683 16.681 16.674 16.668 1.128 0.010  0.221 0.007 
1736120 325.267410 -0.871032 0.133  23.53  21.08 18.798 17.598 17.392 17.348 17.320 17.458 1.223 0.018  0.274 0.010 
1747387 326.116761  0.400267 0.188  15.31  13.82 17.676 16.567 16.597 16.658 16.716 16.525 1.082 0.004  0.006 0.007 
1757431 329.345432 -0.979650 0.320   6.91   8.17 16.037 14.833 14.877 14.948 15.030 14.796 1.165 0.023  0.010 0.010 
1777602 329.199382 -1.082361 0.365  23.88  21.86 18.776 17.591 17.475 17.447 17.456 17.490 1.163 0.015  0.244 0.010 
1777709 325.166873  0.769496 0.173  25.11  22.69 18.849 17.702 17.581 17.556 17.573 17.599 1.110 0.014  0.252 0.007 
1780197 325.545232 -0.800870 0.147  23.47  21.07 18.719 17.531 17.474 17.467 17.491 17.453 1.167 0.010  0.224 0.015 
1781006 327.267021  0.462347 0.389  18.84  17.08 18.112 17.043 17.010 17.026 17.059 16.975 1.005 0.011  0.202 0.008 
1784813 328.220308 -0.912213 0.388  15.22  13.90 17.820 16.649 16.451 16.394 16.408 16.512 1.163 0.007  0.287 0.005 
1794923 326.540328  0.098827 0.233  24.54  22.25 18.783 17.641 17.549 17.534 17.554 17.549 1.141 0.029  0.232 0.006 
1799963 329.886214 -0.740344 0.209  20.30  18.64 18.392 17.205 17.170 17.181 17.229 17.138 1.143 0.013  0.109 0.007 
1806461 327.731725  1.254921 0.191   8.72   9.11 16.542 15.372 15.334 15.345 15.374 15.302 1.159 0.002  0.211 0.005 
1812388 326.285814 -0.355714 0.197  16.84  15.12 17.944 16.808 16.751 16.770 16.808 16.732 1.102 0.012  0.133 0.005 
1816764 325.460803  1.184895 0.147  13.75  12.50 17.533 16.385 16.292 16.274 16.293 16.292 1.146 0.010  0.229 0.003 
1829974 328.770099  1.172397 0.156  87.98  85.13 21.445 20.403 20.337 20.352 20.346 20.322 0.809 0.176  0.258 0.013 
1830137 326.116544 -0.042996 0.188   5.34   7.40 15.495 14.361 14.192 14.145 14.157 14.237 1.125 0.005  0.252 0.005 
1833923 327.760403 -0.317031 0.473  26.80  24.52 19.033 17.895 17.659 17.598 17.593 17.741 1.130 0.024  0.300 0.004 
1835117 327.052162  1.063294 0.318  16.23  14.78 17.935 16.774 16.609 16.573 16.580 16.652 1.167 0.010  0.271 0.005 
1836599 329.417375  0.285128 0.139  12.82  12.14 17.393 16.215 16.157 16.166 16.199 16.139 1.157 0.008  0.125 0.009 
1837162 325.495418 -0.125357 0.149  38.60  35.72 19.795 18.643 18.505 18.475 18.492 18.533 1.140 0.016  0.264 0.012 
1841285 328.625531  0.990122 0.188  16.84  15.49 17.943 16.818 16.739 16.734 16.682 16.732 1.129 0.041  0.215 0.008 
1864989 328.649588 -0.914313 0.352  24.20  22.11 18.794 17.647 17.468 17.423 17.437 17.519 1.150 0.014  0.273 0.005 
1867617 326.887002  0.351763 0.405  14.72  13.41 17.698 16.538 16.428 16.404 16.423 16.439 1.126 0.007  0.255 0.004 
1879031 327.017618  1.120148 0.313  17.07  15.51 18.003 16.885 16.715 16.660 16.666 16.761 1.121 0.010  0.258 0.007 
1884245 327.082640 -0.603243 0.255  55.74  52.77 20.623 19.459 19.280 19.222 19.206 19.331 1.241 0.076  0.270 0.016 
1895734 326.150555 -1.104039 0.111  10.72  10.08 17.034 15.870 15.710 15.659 15.666 15.750 1.144 0.005  0.242 0.014 
1898191 325.457380  1.022907 0.153  21.14  19.02 18.535 17.352 17.179 17.126 17.128 17.226 1.180 0.012  0.249 0.005 
1912140 328.103848  0.774617 0.211  24.87  22.80 18.850 17.687 17.552 17.529 17.541 17.578 1.133 0.021  0.269 0.003 
1928523 329.008439  0.293405 0.199   4.82   7.51 15.170 14.081 14.048 14.100 14.136 14.015 1.153 0.005  0.085 0.009 
1935271 329.509233 -0.915377 0.291   9.00   9.32 16.658 15.490 15.334 15.287 15.306 15.371 1.138 0.008  0.273 0.005 
1950381 326.852304 -0.884477 0.147  17.54  15.76 18.076 16.930 16.793 16.746 16.746 16.820 1.121 0.005  0.254 0.007 
1956001 326.440684 -0.318444 0.190  14.64  13.24 17.647 16.523 16.420 16.407 16.420 16.427 1.115 0.014  0.241 0.008 
1958810 329.520142  1.029771 0.148  16.81  15.57 18.033 16.838 16.701 16.662 16.683 16.728 1.177 0.021  0.270 0.008 
1975314 326.723135  0.510568 0.248  28.11  25.71 18.964 17.931 17.848 17.837 17.850 17.844 1.071 0.021  0.191 0.017 
1981725  37.291150  1.071930 0.073  17.18  22.78 18.002 16.850 16.797 16.771 16.770 16.775 1.095 0.014  0.172 0.007 
1986301  39.884668  0.447218 0.094  32.21  37.60 19.338 18.182 18.213 18.252 18.289 18.140 1.129 0.030  0.048 0.010 
1991751  35.274198 -0.647943 0.090  12.27  17.92 17.346 16.173 15.993 15.935 15.924 16.044 1.173 0.005  0.250 0.006 
2021875  36.124229  0.123831 0.112  30.06  35.17 19.190 18.064 18.015 18.023 18.053 17.990 1.074 0.029  0.184 0.016 
2022233  38.442184 -0.317118 0.061  23.87  29.26 18.706 17.573 17.501 17.506 17.510 17.489 1.094 0.016  0.252 0.006 
2084718  36.347688  0.660503 0.113  27.26  32.48 19.001 17.853 17.801 17.799 17.807 17.778 1.099 0.026  0.229 0.006 
2089796  39.147635  0.501381 0.083  30.87  36.23 19.300 18.148 18.036 18.018 18.038 18.048 1.150 0.018  0.238 0.006 
2105056  38.214626  0.600686 0.075  96.61 101.52 21.626 20.576 20.584 20.651 20.583 20.525 1.002 0.070  0.094 0.049 
2105372  37.508257 -1.196343 0.090  31.62  36.74 19.359 18.224 18.056 18.020 18.029 18.100 1.110 0.015  0.274 0.006 
2108339  37.241263  0.899949 0.084  31.62  36.84 19.345 18.223 18.057 18.009 17.992 18.100 1.097 0.025  0.261 0.008 
2139649  35.787740  0.959488 0.096  27.30  32.49 19.036 17.911 17.728 17.658 17.648 17.781 1.089 0.024  0.261 0.005 
2150854 321.149082  0.523926 0.167  17.72  15.36 18.052 16.955 16.810 16.768 16.786 16.842 1.093 0.008  0.238 0.004 
2155005 321.282133 -0.799045 0.130  10.97   9.74 17.160 15.920 15.764 15.702 15.713 15.802 1.198 0.002  0.262 0.003 
2157016 324.379252 -0.534707 0.133   7.34   7.93 16.213 15.008 14.947 14.943 14.974 14.929 1.160 0.011  0.214 0.009 
2158989 324.325375  0.950195 0.148  12.20  11.12 17.265 16.157 15.983 15.915 15.903 16.031 1.077 0.011  0.247 0.013 
2175525 324.096651 -0.402123 0.129  10.33   9.64 16.888 15.741 15.698 15.720 15.758 15.671 1.110 0.009  0.109 0.011 
2187058 321.991954 -0.440189 0.107  44.06  40.66 20.047 18.929 18.794 18.751 18.756 18.820 1.094 0.025  0.243 0.006 
2198610 323.367626 -0.298345 0.119  34.87  31.81 19.508 18.396 18.324 18.342 18.369 18.312 1.092 0.004  0.226 0.023 
2212327 322.479357  1.006580 0.127   4.36   7.04 15.068 13.872 13.830 13.897 13.826 13.799 1.182 0.005  0.226 0.008 
2213142 322.587403  1.004440 0.122  12.29  10.99 17.296 16.086 16.125 16.190 16.241 16.047 1.165 0.006  0.036 0.005 
2222649 321.261331 -0.194505 0.137  16.94  14.62 18.025 16.881 16.682 16.641 16.634 16.744 1.126 0.010  0.265 0.007 
2226631 321.777234  0.517083 0.126  24.09  21.31 18.740 17.605 17.504 17.478 17.500 17.509 1.092 0.020  0.245 0.005 
2226946 320.929976  0.632449 0.152   7.41   7.70 16.189 15.053 14.930 14.904 14.913 14.949 1.116 0.008  0.226 0.002 
2230438 321.932533 -1.197393 0.141  16.09  13.89 17.901 16.740 16.611 16.584 16.600 16.633 1.137 0.009  0.268 0.013 
2233809 320.351613  0.788261 0.189  20.89  18.18 18.389 17.239 17.279 17.339 17.394 17.200 1.097 0.013  0.063 0.003 
2248073 321.619047  0.046459 0.135  45.14  41.73 20.093 18.988 18.839 18.795 18.773 18.873 1.090 0.037  0.258 0.008 
2278841 322.204981  0.531929 0.120  31.41  28.38 19.295 18.178 18.082 18.073 18.079 18.085 1.088 0.014  0.214 0.013 
2279091 320.453303 -0.610165 0.131   5.95   7.07 15.797 14.564 14.474 14.451 14.482 14.473 1.192 0.006  0.235 0.006 
2291937 324.688639  0.392309 0.176  29.19  26.51 19.098 18.007 17.938 17.930 17.951 17.926 1.033 0.019  0.148 0.005 
2297800 320.146146 -0.714156 0.129   9.65   8.73 16.803 15.618 15.515 15.503 15.529 15.523 1.130 0.006  0.239 0.014 
2308042 324.046490  0.734977 0.208   5.17   7.25 15.505 14.318 14.088 13.990 13.982 14.167 1.133 0.002  0.349 0.002 
2313959 323.453969 -0.762588 0.131  10.70   9.79 17.085 15.876 15.694 15.663 15.677 15.746 1.184 0.013  0.247 0.007 
2314306 321.113416  0.874419 0.136   9.25   8.71 16.611 15.488 15.478 15.540 15.563 15.430 1.094 0.008  0.075 0.002 
2317855 321.714425  0.088942 0.127  26.35  23.42 18.935 17.736 17.795 17.881 17.937 17.704 1.169 0.015 -0.012 0.006 
2361636 323.217919  0.935651 0.156  13.96  12.39 17.557 16.382 16.371 16.412 16.452 16.324 1.134 0.010  0.102 0.005 
2365928 322.632813 -0.512527 0.125   4.84   7.03 15.331 14.141 13.984 13.931 13.941 14.023 1.177 0.008  0.252 0.006 
2368337 320.639316 -1.083851 0.128  19.61  16.88 18.393 17.212 16.985 16.899 16.893 17.062 1.164 0.010  0.263 0.006 
2369144 321.343220  0.325013 0.140  26.77  23.80 18.963 17.816 17.757 17.772 17.807 17.738 1.117 0.009  0.185 0.010 
2372082 324.046033  0.725379 0.209  14.17  12.65 17.654 16.492 16.298 16.237 16.232 16.357 1.153 0.006  0.285 0.008 
2383195 322.946542  0.244135 0.137  21.33  18.84 18.433 17.317 17.275 17.283 17.301 17.245 1.087 0.010  0.213 0.015 
2396176 323.308423 -1.018174 0.133  10.45   9.58 16.944 15.745 15.752 15.788 15.834 15.695 1.183 0.013  0.073 0.018 
2396343 323.369928  1.208347 0.144   9.01   8.82 16.617 15.443 15.400 15.419 15.461 15.373 1.152 0.009  0.121 0.010 
2407601 320.110982  1.203269 0.199  24.01  21.11 18.730 17.595 17.498 17.482 17.517 17.502 1.121 0.015  0.236 0.014 
2418168 320.326461 -0.970859 0.151  25.43  22.31 18.890 17.751 17.582 17.539 17.550 17.627 1.123 0.010  0.267 0.005 
2421108 323.471178 -0.799085 0.136  11.06  10.05 17.085 15.853 15.904 15.979 16.040 15.819 1.194 0.001 -0.021 0.000 
2438281 324.990976  0.895627 0.140  26.45  23.95 18.940 17.814 17.696 17.668 17.677 17.712 1.091 0.027  0.264 0.010 
2445511 322.806173  0.987487 0.155  12.53  11.20 17.263 16.160 16.115 16.129 16.161 16.089 1.066 0.008  0.131 0.009 
2454285 322.200609  0.957035 0.132  35.45  32.34 19.596 18.465 18.311 18.274 18.292 18.348 1.128 0.013  0.245 0.009 
2461789 320.536951  0.278732 0.183  16.56  14.25 17.882 16.806 16.665 16.625 16.637 16.695 1.051 0.007  0.230 0.010 
2463400 320.825907 -0.535998 0.122  97.81  93.96 21.616 20.637 20.559 20.515 20.495 20.552 1.005 0.129  0.143 0.024 
2464128 322.390193 -0.724987 0.116   6.23   7.31 15.802 14.646 14.595 14.590 14.614 14.573 1.106 0.008  0.156 0.007 
2474106  44.242874 -1.155083 0.177  24.98  30.71 18.830 17.682 17.584 17.565 17.589 17.588 1.097 0.014  0.258 0.005 
2488976  40.612944  1.225526 0.122   7.29  13.77 16.178 15.011 14.907 14.899 14.914 14.915 1.139 0.010  0.175 0.005 
2506078  40.508969  0.665032 0.088  20.11  25.81 18.333 17.191 17.139 17.156 17.175 17.117 1.114 0.014  0.115 0.012 
2528013  44.620563 -0.609747 0.274  27.28  33.02 18.983 17.842 17.816 17.844 17.890 17.779 1.092 0.017  0.115 0.007 
2557547  41.938690  0.602010 0.110  25.21  30.88 18.851 17.644 17.693 17.755 17.788 17.608 1.152 0.014  0.061 0.008 
2583770  43.511726 -0.420139 0.175   4.12  11.09 14.881 13.746 13.704 13.739 13.765 13.676 1.081 0.013  0.134 0.007 
2589749  44.322909  0.785245 0.204  34.88  40.58 19.547 18.422 18.288 18.254 18.268 18.313 1.117 0.014  0.239 0.006 
2609442  44.338191 -0.220803 0.191  17.30  23.29 17.987 16.853 16.828 16.870 16.894 16.790 1.088 0.012  0.111 0.005 
2630747 316.576532 -1.025525 0.184  22.26  18.89 18.592 17.446 17.313 17.292 17.314 17.338 1.129 0.009  0.216 0.006 
2639854 319.195433  1.220945 0.220  21.98  19.09 18.532 17.360 17.369 17.423 17.480 17.310 1.149 0.012  0.039 0.010 
2642610 319.851978  0.537755 0.236  13.12  11.30 17.412 16.290 16.174 16.167 16.191 16.189 1.110 0.007  0.232 0.008 
2659801 315.461824  0.156384 0.243   5.34   6.61 15.435 14.296 14.288 14.321 14.370 14.239 1.090 0.007  0.110 0.010 
2666464 316.063213 -0.889050 0.187  22.58  19.15 18.611 17.472 17.354 17.324 17.324 17.369 1.100 0.009  0.253 0.005 
2671427 317.077749 -0.305363 0.289  25.34  21.91 18.821 17.692 17.642 17.678 17.728 17.619 1.113 0.029  0.131 0.007 
2672828 317.850395 -0.437433 0.237  23.45  20.20 18.724 17.562 17.424 17.389 17.395 17.451 1.127 0.027  0.242 0.008 
2677849 315.920713  1.110933 0.357  43.23  39.33 20.036 18.889 18.752 18.723 18.741 18.779 1.114 0.029  0.252 0.020 
2682034 317.639655 -1.248499 0.211  21.25  18.05 18.476 17.341 17.218 17.200 17.218 17.237 1.106 0.016  0.246 0.007 
2684274 318.498554 -0.789730 0.156  21.04  17.98 18.496 17.308 17.212 17.191 17.219 17.215 1.151 0.009  0.237 0.008 
2686670 315.249562  0.665210 0.220  16.83  13.92 17.963 16.839 16.708 16.675 16.666 16.731 1.100 0.009  0.242 0.015 
2699885 315.922103 -0.481585 0.179  70.70  66.44 21.087 19.981 19.788 19.727 19.706 19.847 1.178 0.100  0.274 0.028 
2701721 318.958337  0.324836 0.282  34.12  30.65 19.461 18.310 18.334 18.386 18.451 18.265 1.120 0.026  0.078 0.004 
2708658 317.953046  0.678923 0.292  10.46   9.13 16.951 15.836 15.634 15.581 15.580 15.698 1.133 0.018  0.247 0.006 
2710828 318.457124  0.262699 0.318  11.00   9.52 17.046 15.940 15.751 15.701 15.727 15.807 1.117 0.004  0.249 0.005 
2716396 316.332877  1.124856 0.332  43.99  40.12 20.005 18.891 18.844 18.853 18.891 18.817 1.104 0.034  0.233 0.006 
2746161 317.728500 -0.158161 0.291  15.63  13.09 17.793 16.663 16.565 16.549 16.580 16.570 1.090 0.004  0.219 0.005 
2746520 317.937075  1.171228 0.306  10.83   9.42 17.052 15.872 15.760 15.744 15.775 15.773 1.149 0.012  0.184 0.006 
2751495 315.974229  0.147931 0.212  33.22  29.44 19.476 18.345 18.144 18.080 18.082 18.207 1.143 0.019  0.242 0.007 
2754458 316.478487  0.258810 0.247  19.12  16.08 18.185 17.073 17.043 17.072 17.117 17.008 1.082 0.007  0.114 0.005 
2767122 317.125558 -0.231531 0.322   7.81   7.45 16.303 15.147 15.075 15.096 15.122 15.064 1.141 0.010  0.235 0.020 
2777873 315.586613  0.822511 0.239   8.62   7.77 16.555 15.398 15.236 15.208 15.212 15.277 1.146 0.012  0.248 0.004 
2779194 317.635627  0.917911 0.268  12.62  10.69 17.320 16.149 16.179 16.246 16.316 16.106 1.114 0.004  0.063 0.011 
2792532 316.752543 -0.664532 0.239  14.33  11.83 17.595 16.452 16.413 16.401 16.433 16.381 1.115 0.014  0.217 0.011 
2794912 317.994185 -0.224215 0.227  11.18   9.56 17.052 15.942 15.830 15.839 15.849 15.842 1.104 0.010  0.234 0.011 
2796512 315.036234  0.450549 0.213  16.41  13.50 17.889 16.747 16.702 16.726 16.742 16.675 1.120 0.017  0.213 0.005 
2798633 318.165397  0.916271 0.312  12.50  10.65 17.318 16.179 16.079 16.049 16.065 16.084 1.130 0.014  0.247 0.010 
2862649 318.152407 -1.225218 0.204  14.40  12.01 17.657 16.518 16.344 16.305 16.325 16.392 1.110 0.015  0.261 0.006 
2863787 315.274970  0.558603 0.216   8.81   7.82 16.533 15.379 15.378 15.427 15.477 15.325 1.086 0.007  0.101 0.007 
2876780 317.411613 -1.104973 0.222   9.91   8.57 16.842 15.676 15.572 15.569 15.579 15.580 1.152 0.004  0.197 0.006 
2881014 317.429765  0.410407 0.335   8.50   7.86 16.511 15.356 15.222 15.198 15.217 15.247 1.111 0.005  0.256 0.003 
2881977 319.476257 -0.282185 0.162  16.92  14.40 17.996 16.878 16.682 16.624 16.637 16.742 1.123 0.006  0.234 0.003 
2883224 315.506002 -0.915126 0.210  28.00  24.25 19.042 17.922 17.845 17.819 17.820 17.836 1.148 0.028  0.236 0.006 
2895452 316.713906 -0.809361 0.206  15.64  12.92 17.859 16.666 16.565 16.529 16.559 16.571 1.165 0.020  0.246 0.010 
2897953 315.250537 -1.084878 0.247  11.51   9.42 17.169 16.025 15.866 15.812 15.816 15.906 1.113 0.013  0.256 0.003 
2898698 315.091090  0.749792 0.213  24.38  20.87 18.729 17.629 17.530 17.517 17.550 17.535 1.070 0.010  0.229 0.009 
2900402 319.233465 -1.242020 0.154  24.96  21.72 18.831 17.681 17.580 17.554 17.580 17.586 1.123 0.020  0.223 0.012 
2903664 316.985604  0.026320 0.294   6.65   7.01 15.891 14.807 14.711 14.694 14.714 14.715 1.060 0.005  0.185 0.011 
2914119 318.447861 -0.270726 0.191  23.27  20.11 18.683 17.551 17.399 17.387 17.394 17.434 1.098 0.015  0.252 0.004 
2945973 319.400502  0.195453 0.228  10.21   9.08 16.847 15.744 15.636 15.635 15.632 15.646 1.028 0.043  0.261 0.052 
2961934 319.611828  0.508669 0.265  13.04  11.20 17.370 16.262 16.181 16.165 16.204 16.176 1.074 0.007  0.222 0.008 
2984427 317.842007 -0.661160 0.220  42.54  38.71 19.945 18.801 18.792 18.830 18.867 18.744 1.098 0.036  0.092 0.013 
2993715 315.176338 -0.023282 0.228  31.87  28.03 19.325 18.225 18.093 18.067 18.084 18.117 1.096 0.026  0.232 0.007 
2993853 316.565938 -1.246953 0.196  11.88   9.83 17.227 16.086 15.944 15.905 15.917 15.974 1.126 0.009  0.238 0.010 
3008757 315.237729  0.285531 0.214  37.17  33.23 19.641 18.552 18.436 18.407 18.414 18.451 1.132 0.036  0.217 0.006 
3009615 316.079488 -0.486572 0.170  31.78  28.00 19.450 18.232 18.069 18.065 18.091 18.111 1.232 0.016  0.190 0.007 
3016107 318.789314  0.511734 0.279  24.55  21.41 18.658 17.650 17.536 17.513 17.540 17.550 1.019 0.023  0.172 0.003 
3019986 316.810031  0.285176 0.320   5.70   6.77 15.614 14.462 14.394 14.414 14.458 14.381 1.114 0.004  0.208 0.011 
3031571  46.057459 -1.220635 0.208  18.74  24.74 18.157 17.032 16.998 17.009 17.059 16.964 1.090 0.008  0.139 0.007 
3043989  47.609341  0.461527 0.307   9.40  15.99 16.623 15.563 15.456 15.443 15.463 15.466 1.032 0.009  0.192 0.008 
3066531  45.767778  0.508232 0.220  32.11  37.92 19.350 18.266 18.077 18.020 18.042 18.133 1.113 0.024  0.233 0.008 
3070595  49.916561  0.992173 0.310  20.79  27.07 18.430 17.297 17.163 17.141 17.159 17.189 1.090 0.022  0.258 0.012 
3113123  48.907767 -0.894981 0.191  24.54  30.59 18.800 17.652 17.532 17.500 17.506 17.549 1.126 0.016  0.261 0.005 
3138275  46.055575  0.974476 0.244  29.94  35.83 19.239 18.113 17.927 17.872 17.875 17.981 1.090 0.033  0.264 0.007 
3186655 310.178433 -0.621566 0.160  23.46  19.37 18.749 17.502 17.513 17.552 17.602 17.452 1.209 0.020  0.102 0.018 
3196666 310.311651 -0.872544 0.156  13.61  10.51 17.647 16.410 16.204 16.141 16.141 16.270 1.237 0.010  0.284 0.004 
3196965 313.548634 -0.541114 0.268  48.11  43.78 20.291 19.155 18.942 18.896 18.889 19.011 1.135 0.036  0.245 0.010 
3200791 314.980188 -0.712190 0.198   8.90   7.74 16.582 15.384 15.429 15.480 15.560 15.348 1.144 0.008  0.039 0.018 
3214909 313.338871 -0.347108 0.288  22.27  18.60 18.515 17.416 17.357 17.367 17.415 17.339 1.088 0.010  0.125 0.005 
3230076 312.484577 -1.183680 0.197  12.68   9.98 17.300 16.198 16.128 16.147 16.154 16.115 1.114 0.016  0.210 0.008 
3239998 311.527196 -0.133933 0.194  17.08  13.66 17.977 16.840 16.783 16.809 16.857 16.762 1.109 0.011  0.221 0.008 
3247039 312.565319 -0.147687 0.251   7.80   7.00 16.272 15.133 15.083 15.106 15.157 15.060 1.109 0.009  0.132 0.003 
3248231 311.711256 -0.898836 0.234  10.97   8.66 17.032 15.884 15.815 15.806 15.826 15.802 1.102 0.011  0.229 0.009 
3253504 312.138984 -1.088689 0.202  18.96  15.34 18.277 17.097 16.965 16.913 16.907 16.989 1.163 0.011  0.246 0.007 
3261172 312.503880 -0.706559 0.233  30.23  26.10 19.312 18.132 17.950 17.903 17.909 18.002 1.140 0.017  0.275 0.007 
3267381 314.717816 -0.926652 0.226  26.30  22.53 18.892 17.763 17.739 17.780 17.843 17.700 1.080 0.041  0.100 0.018 
3273519 312.127134 -0.073813 0.268  12.19   9.66 17.227 16.104 16.055 16.077 16.112 16.030 1.117 0.004  0.214 0.008 
3292721 312.748033 -0.207670 0.311   7.40   6.86 16.170 15.019 14.971 14.996 15.034 14.947 1.114 0.020  0.135 0.011 
3300027 310.699213  0.064511 0.183  22.32  18.40 18.627 17.468 17.297 17.252 17.241 17.343 1.151 0.022  0.267 0.008 
3306761 310.133567 -0.827108 0.165  24.68  20.51 18.849 17.654 17.558 17.542 17.558 17.562 1.170 0.028  0.171 0.005 
3307501 312.062040  0.118014 0.247   8.88   7.49 16.535 15.420 15.364 15.369 15.400 15.343 1.072 0.013  0.243 0.008 
3307752 314.762706  0.877676 0.190  16.32  13.43 17.892 16.774 16.636 16.619 16.630 16.663 1.141 0.009  0.215 0.004 
3308790 311.212081  0.188865 0.239  19.98  16.29 18.283 17.179 17.121 17.130 17.162 17.103 1.080 0.033  0.150 0.004 
3315131 312.507776  1.213916 0.295  15.91  12.86 17.888 16.696 16.616 16.609 16.649 16.609 1.165 0.014  0.241 0.011 
3348773 313.507522 -1.232545 0.338  23.08  19.31 18.683 17.515 17.403 17.385 17.414 17.416 1.147 0.015  0.187 0.007 
3351232 311.497007 -1.001551 0.202  40.83  36.36 19.850 18.757 18.638 18.609 18.627 18.655 1.077 0.031  0.258 0.012 
3353516 312.331291 -1.201065 0.223   7.47   6.77 16.271 15.081 14.938 14.892 14.914 14.968 1.149 0.006  0.259 0.004 
3358190 312.128016  0.445469 0.252   7.34   6.82 16.119 14.998 14.955 14.955 14.979 14.928 1.089 0.012  0.125 0.008 
3369848 311.546528 -0.042592 0.210  18.03  14.52 18.091 16.984 16.860 16.861 16.867 16.880 1.104 0.011  0.249 0.004 
3391166 312.333654 -1.078659 0.216  17.19  13.77 18.032 16.861 16.785 16.790 16.821 16.776 1.139 0.024  0.170 0.004 
3391742 312.532182 -0.283222 0.266  20.52  16.89 18.344 17.252 17.160 17.148 17.175 17.161 1.056 0.011  0.239 0.010 
3394424 310.246823 -0.402540 0.156   4.22   6.24 14.963 13.792 13.763 13.794 13.852 13.728 1.159 0.000  0.084 0.000 
3397977 310.101243 -1.164076 0.215  10.71   8.28 16.973 15.825 15.767 15.787 15.813 15.749 1.111 0.010  0.151 0.012 
3407814 310.094826  0.557860 0.225  26.47  22.33 18.913 17.795 17.731 17.745 17.781 17.714 1.126 0.022  0.243 0.009 
3420019 312.717560 -1.153110 0.206  26.51  22.50 18.959 17.837 17.676 17.642 17.649 17.717 1.100 0.012  0.256 0.005 
3424087 314.619921  0.353214 0.219  16.74  13.74 17.985 16.851 16.663 16.602 16.594 16.719 1.147 0.011  0.250 0.005 
3443455 313.176025 -1.164781 0.261  16.50  13.24 17.907 16.781 16.682 16.657 16.691 16.687 1.105 0.011  0.251 0.004 
3454148 311.526440  0.288026 0.259  30.26  26.11 19.290 18.135 17.950 17.897 17.896 18.004 1.120 0.027  0.262 0.006 
3455861 314.387060  0.197916 0.228  46.03  41.86 20.143 19.050 18.856 18.789 18.784 18.915 1.100 0.043  0.260 0.007 
3460994 313.692062  0.298778 0.219  15.86  12.86 17.868 16.719 16.565 16.528 16.540 16.601 1.133 0.010  0.264 0.004 
3477138 313.955107 -0.879303 0.252  22.53  18.87 18.574 17.448 17.375 17.380 17.398 17.364 1.113 0.029  0.251 0.007 
3478713 314.496461 -0.209231 0.262  12.37  10.04 17.237 16.133 16.087 16.122 16.146 16.061 1.086 0.010  0.125 0.004 
3487796 310.741569  1.171233 0.217  10.50   8.41 16.973 15.810 15.688 15.669 15.686 15.706 1.148 0.006  0.246 0.003 
3488054 312.984147  0.525690 0.318  12.72  10.21 17.328 16.214 16.124 16.125 16.147 16.123 1.072 0.001  0.241 0.000 
3490598 311.127075 -0.654605 0.193  42.25  37.75 19.934 18.794 18.766 18.799 18.822 18.729 1.122 0.023  0.134 0.012 
3493224 313.087812  0.133651 0.298  66.65  62.19 20.885 19.815 19.713 19.695 19.705 19.719 1.078 0.062  0.279 0.028 
3539169 312.318765 -0.966754 0.197  25.18  21.20 18.843 17.707 17.591 17.570 17.602 17.605 1.114 0.022  0.262 0.007 
3551215 313.177964  0.775166 0.279  28.37  24.49 19.108 17.986 17.822 17.778 17.792 17.864 1.100 0.028  0.272 0.003 
3554117 311.815009  0.558700 0.285   7.82   6.99 16.305 15.158 15.060 15.022 15.066 15.065 1.117 0.010  0.222 0.008 
3559921 313.174251  1.175815 0.272  36.83  32.76 19.650 18.565 18.373 18.298 18.309 18.431 1.077 0.051  0.283 0.005 
3561934 312.066218 -0.983813 0.204  18.40  14.83 18.124 16.995 16.949 16.967 17.017 16.924 1.101 0.014  0.133 0.005 
3565718 314.167373  1.045583 0.234   7.74   7.22 16.255 15.130 15.052 15.020 15.053 15.044 1.104 0.006  0.221 0.005 
3569935 314.432628 -0.747190 0.232  17.17  14.01 17.989 16.812 16.853 16.903 16.969 16.774 1.136 0.012  0.027 0.002 
3585856 313.639783 -0.344902 0.260   3.76   6.50 14.662 13.518 13.547 13.600 13.671 13.475 1.119 0.020  0.036 0.017 
3595357 312.181751 -0.255164 0.215   3.90   6.40 14.767 13.646 13.551 13.552 13.573 13.554 1.097 0.010  0.225 0.007 
3607310 311.568641 -0.384179 0.272  33.33  29.05 19.405 18.303 18.214 18.220 18.242 18.214 1.068 0.018  0.167 0.005 
3644954 312.380969 -0.239839 0.224  17.11  13.77 17.960 16.803 16.847 16.919 16.978 16.766 1.127 0.015  0.006 0.007 
3650178 313.838596 -1.179677 0.324  18.54  15.13 18.237 17.083 16.870 16.819 16.823 16.940 1.164 0.021  0.290 0.006 
3671840 310.756237  0.334344 0.202  13.74  10.76 17.535 16.386 16.283 16.258 16.279 16.290 1.107 0.007  0.244 0.004 
3673468 311.451562 -1.029138 0.199  12.09   9.43 17.287 16.150 15.952 15.890 15.898 16.013 1.128 0.005  0.244 0.008 
3681103 310.170555  0.890412 0.223   7.09   6.59 16.126 14.989 14.794 14.745 14.758 14.854 1.121 0.004  0.271 0.009 
3681504 311.603534  1.198554 0.250  22.42  18.68 18.563 17.407 17.405 17.436 17.503 17.353 1.137 0.016  0.084 0.010 
3694338 311.231783 -0.302322 0.178  12.45   9.74 17.297 16.157 16.089 16.109 16.133 16.075 1.118 0.014  0.206 0.009 
3717246 311.874341  0.565566 0.277  16.39  13.15 17.930 16.727 16.725 16.767 16.824 16.673 1.184 0.031  0.033 0.005 
3727873  54.649991  0.590366 0.235  28.04  34.44 19.106 17.951 17.811 17.791 17.796 17.839 1.150 0.027  0.255 0.020 
3728525  53.433032  0.749330 0.328  26.11  32.48 18.886 17.820 17.623 17.562 17.570 17.684 1.076 0.054  0.237 0.008 
3729373  52.601027  1.209482 0.341   9.24  16.07 16.674 15.505 15.448 15.461 15.486 15.428 1.136 0.011  0.247 0.006 
3737894  51.883696  0.064283 0.343  17.62  24.04 17.985 16.901 16.859 16.889 16.919 16.830 1.093 0.017  0.204 0.006 
3743584  52.295747  0.603956 0.431  30.62  36.87 19.268 18.119 18.034 18.020 18.027 18.030 1.097 0.011  0.229 0.010 
3745929  53.635031  0.026812 0.313   7.44  14.38 16.198 15.096 14.893 14.822 14.821 14.957 1.097 0.005  0.242 0.007 
3780112  53.806210  1.068064 0.275  10.51  17.32 16.914 15.785 15.732 15.737 15.748 15.709 1.074 0.005  0.236 0.012 
3812132  50.288788  0.118265 0.261  24.18  30.37 18.790 17.636 17.478 17.428 17.447 17.517 1.157 0.015  0.269 0.007 
3815021  54.571733 -1.186914 0.563  59.79  65.88 20.637 19.661 19.376 19.282 19.283 19.483 1.098 0.098  0.327 0.018 
3818676  52.473694 -1.236949 0.308  50.79  56.79 20.339 19.249 19.089 19.044 19.061 19.129 1.026 0.052  0.271 0.009 
3852768  51.172941  1.144190 0.332   5.49  12.56 15.481 14.356 14.340 14.366 14.422 14.297 1.089 0.016  0.073 0.005 
3869323 355.823275 -0.497347 0.095  65.16  65.55 20.983 19.787 19.634 19.581 19.579 19.670 1.107 0.098  0.261 0.013 
3869494 357.539642  1.024004 0.070   7.59  11.17 16.317 15.132 14.948 14.889 14.886 15.001 1.202 0.013  0.279 0.009 
3879827 356.294561 -0.804955 0.098  85.11  85.42 21.429 20.354 20.232 20.174 20.201 20.250 1.150 0.118  0.257 0.019 
3916305 359.666631  0.964893 0.070   4.72   9.52 15.367 14.104 13.911 13.857 13.869 13.969 1.254 0.010  0.296 0.009 
3923225 357.854006  0.437689 0.072 106.81 107.31 21.763 20.846 20.726 20.682 20.615 20.743 1.210 0.055  0.259 0.068 
3938770 358.292509 -0.508982 0.079  92.77  93.31 21.669 20.574 20.376 20.321 20.269 20.437 1.058 0.129  0.259 0.026 
3944324 355.750750 -0.173178 0.082  83.68  83.97 21.454 20.341 20.163 20.119 20.079 20.213 1.183 0.072  0.279 0.007 
3953443 356.171094 -1.220271 0.085  24.67  25.83 18.859 17.706 17.489 17.402 17.383 17.561 1.152 0.020  0.270 0.004 
3959688 359.474835  0.083096 0.103  23.94  25.60 18.812 17.638 17.429 17.378 17.371 17.496 1.206 0.019  0.282 0.011 
3972240 356.841152 -0.484533 0.121  25.28  26.54 18.943 17.747 17.556 17.494 17.501 17.614 1.192 0.013  0.258 0.006 
3974293 355.600851 -0.623492 0.084  91.08  91.29 21.493 20.498 20.381 20.293 20.080 20.397 0.987 0.000  0.132 0.003 
3976199 357.074929 -0.022093 0.078   9.21  12.26 16.656 15.509 15.427 15.433 15.432 15.421 1.125 0.005  0.237 0.009 
3981578 355.577586 -0.008393 0.071  83.98  84.26 21.415 20.336 20.188 20.172 20.100 20.221 1.182 0.065  0.287 0.030 
3988771 357.351933  0.759802 0.075  77.45  78.02 21.316 20.190 19.975 19.915 19.845 20.045 1.189 0.166  0.299 0.022 
3991828 359.632268 -1.002079 0.101  11.80  14.52 17.185 16.059 15.947 15.911 15.919 15.959 1.094 0.010  0.263 0.006 
3992128 355.530542  0.548013 0.069   6.66  10.36 15.945 14.808 14.711 14.711 14.713 14.716 1.067 0.011  0.190 0.007 
4000365 355.822046  1.174182 0.084  18.07  19.77 18.191 17.021 16.826 16.756 16.737 16.885 1.164 0.005  0.280 0.005 
4041854   5.087534 -0.016574 0.089 111.94 113.28 21.851 20.960 20.811 20.794 20.663 20.845 0.870 0.171  0.237 0.048 
4050393   9.453954 -0.053329 0.057  57.36  59.46 20.648 19.533 19.327 19.276 19.258 19.393 1.154 0.027  0.275 0.010 
4058320   7.830247  0.848831 0.068  50.54  52.57 20.319 19.234 19.083 19.043 19.012 19.118 1.078 0.034  0.267 0.010 
4064584   6.207599  1.215640 0.070   9.86  13.65 16.865 15.692 15.525 15.482 15.470 15.569 1.143 0.003  0.262 0.008 
4076916   8.929012  0.931629 0.056  21.22  24.11 18.529 17.354 17.194 17.139 17.126 17.234 1.141 0.018  0.269 0.007 
4098094   5.146255  1.242037 0.062   7.63  11.82 16.284 15.093 15.033 15.037 15.047 15.014 1.159 0.004  0.237 0.009 
4118254   8.686943  0.905769 0.053   5.65  10.65 15.624 14.505 14.291 14.226 14.192 14.361 1.127 0.009  0.279 0.008 
4130096   7.188220  0.539379 0.064  12.65  16.06 17.394 16.244 16.053 15.998 15.997 16.110 1.152 0.010  0.277 0.007 
4133965   6.387278  0.006740 0.074  17.39  20.22 18.026 16.908 16.781 16.739 16.723 16.802 1.123 0.012  0.227 0.009 
4150624   5.357009  1.006263 0.059  21.30  23.81 18.512 17.320 17.257 17.256 17.273 17.242 1.174 0.010  0.129 0.004 
4152720 308.986792 -0.704303 0.326   9.65   7.53 16.668 15.588 15.561 15.594 15.653 15.522 1.105 0.006  0.209 0.008 
4301093 308.077129  1.081498 0.269   5.22   6.12 15.369 14.263 14.207 14.214 14.263 14.188 1.077 0.006  0.128 0.007 
4320005 309.059996 -0.505205 0.395  17.80  14.01 18.234 16.984 16.797 16.748 16.739 16.852 1.245 0.015  0.299 0.007 
4344245 309.065177  0.468730 0.218  16.63  13.05 17.891 16.798 16.699 16.685 16.701 16.704 1.063 0.014  0.241 0.004 
4383295 309.843532 -1.062808 0.229   4.01   6.22 14.857 13.689 13.633 13.694 13.717 13.614 1.112 0.004  0.138 0.003 
4397821 308.927865 -0.779033 0.340  34.75  30.16 19.573 18.445 18.240 18.181 18.187 18.305 1.097 0.079  0.274 0.004 
4409020 308.073566  0.006657 0.385  43.21  38.46 19.927 18.874 18.769 18.758 18.752 18.778 1.034 0.075  0.213 0.013 
4430769 309.374893 -1.159300 0.290  19.82  15.83 18.309 17.190 17.065 17.048 17.081 17.085 1.056 0.014  0.232 0.007 
4442518 309.716266  0.245321 0.201  13.37  10.34 17.437 16.322 16.229 16.218 16.226 16.230 1.097 0.013  0.226 0.008 
4455741 309.896233 -0.884631 0.196  15.25  11.82 17.750 16.587 16.543 16.548 16.590 16.516 1.147 0.009  0.126 0.010 
4514429 309.995219 -1.120693 0.206   6.80   6.35 16.068 14.902 14.699 14.639 14.650 14.763 1.181 0.003  0.289 0.010 
4583407 308.703313  0.949806 0.272   8.94   7.25 16.614 15.475 15.319 15.270 15.286 15.357 1.126 0.003  0.261 0.007 
4614863 308.479549 -1.171806 0.576  29.00  24.48 19.234 17.983 17.937 17.962 18.000 17.912 1.230 0.025  0.131 0.015 
4699038 309.675406  0.965726 0.262   8.08   6.93 16.383 15.263 15.089 15.037 15.050 15.137 1.103 0.003  0.275 0.006 
4699278 308.010025 -0.289068 0.497  35.32  30.66 19.496 18.420 18.352 18.363 18.401 18.340 1.039 0.056  0.154 0.009 
4831704 308.547158 -0.807256 0.500  22.15  17.95 18.654 17.442 17.293 17.259 17.305 17.327 1.163 0.034  0.287 0.011 
4839757 308.748924 -0.311357 0.329   8.15   6.76 16.317 15.250 15.154 15.146 15.169 15.157 1.034 0.006  0.228 0.006 
4843792 309.396935  0.241621 0.213  14.97  11.63 17.681 16.574 16.467 16.442 16.454 16.476 1.095 0.025  0.219 0.004 
4873252 308.327424 -0.604780 0.500  30.01  25.48 19.200 18.058 18.014 18.023 18.080 17.986 1.136 0.033  0.215 0.008 
4898715  59.242576  0.633837 0.904  29.59  36.21 19.035 18.040 17.963 17.972 18.007 17.956 0.944 0.049  0.150 0.014 
4918277  56.963075 -0.291889 0.574  11.96  18.77 17.151 16.084 15.981 15.974 16.003 15.988 1.045 0.013  0.257 0.008 
4920018  55.586280 -1.148713 0.320   5.33  12.48 15.603 14.390 14.148 14.096 14.111 14.233 1.223 0.009  0.300 0.007 
4937322  58.502080  0.352827 1.041  26.44  33.03 18.857 17.828 17.676 17.647 17.677 17.711 1.029 0.051  0.277 0.011 
4947744  55.666629 -0.002756 0.230  29.62  36.03 19.208 18.083 17.911 17.868 17.864 17.958 1.125 0.011  0.251 0.005 
4948742  59.037319 -0.086280 1.098   7.19  14.32 15.917 14.942 14.928 14.971 15.054 14.883 0.930 0.010  0.093 0.003 
4950238  57.125304  0.678444 0.499  35.65  42.11 19.631 18.498 18.298 18.238 18.231 18.360 1.145 0.041  0.284 0.006 
4954954  56.073852  0.626488 0.313   5.57  12.76 15.570 14.413 14.340 14.375 14.365 14.329 1.121 0.005  0.202 0.010 
4956438  58.036886  0.999678 0.720   8.18  15.26 16.406 15.312 15.093 15.042 15.042 15.165 1.110 0.008  0.268 0.012 
4956681  58.700931  1.228830 1.051  36.88  43.44 19.476 18.513 18.454 18.480 18.505 18.434 1.021 0.084  0.208 0.015 
4983075  57.156605  0.134676 0.527  29.15  35.64 19.114 18.054 17.869 17.818 17.842 17.923 1.053 0.009  0.238 0.005 
4984662  57.128875 -0.389138 0.584  39.05  45.43 19.745 18.701 18.489 18.454 18.452 18.558 1.022 0.053  0.253 0.019 
4992418  57.151443  0.892965 0.479  31.46  37.97 19.279 18.214 18.042 18.000 17.997 18.089 1.065 0.041  0.276 0.008 
5011634  56.510537 -0.561729 0.451  30.58  36.98 19.232 18.106 18.041 18.058 18.116 18.027 1.077 0.036  0.150 0.009 